// test_ft_split.c
#include <stdio.h>

int main(int ac, char **av) {

    char **result = ft_split(av[1], ' ');
    int i = 0;
    int len = 0;
    int *num;
    if (ac == 2){
    while (result[len]) {
        len++;
        }
    num = (int *)malloc(sizeof(int) * (len+1));
    if (!num)
    return (1);
    while (result[i]){
    num[i] = ft_atoi(result[i]);
    printf("%i: %i\n", i+1, num[i]);
    free(result[i]); // Free the array of strings
    i++;
    }
    free(result);
    num[i] = '\0';
    free(num);
    return 0;
}}

{6847, 1513, 6047, 8036, 375, 9303, 6566, 2604, 2935, 4167, 5272, 4576, 3075, 222, 7025, 781, 
4243, 9505, 2741, 9151, 5124, 4996, 1382, 801, 3145, 1358, 1184, 4231, 1588, 6987, 5351, 
6503, 1458, 5276, 3186, 7377, 9374, 6249, 9821, 6622, 5404, 8455, 9978, 3248, 5991, 3846, 
8053, 7896, 9189, 6075, 504, 8724, 2950, 5946, 9847, 7446, 909, 1999, 4626, 2610, 8697, 8937, 
6435, 2134, 1657, 858, 1580, 7095, 2932, 8268, 5393, 1946, 6197, 4077, 1599, 9277, 4267, 
4814, 3880, 6556, 7898, 2767, 6357, 9192, 9206, 7087, 6754, 3907, 6837, 1481, 8501, 2464, 
3564, 8308, 5159, 368, 3308, 7689, 5308, 8529, 1998, 4390, 4032, 5405, 986, 9112, 2606, 
1721, 4718, 852, 6633, 9538, 6032, 4068, 6390, 4191, 3884, 7177, 7940, 3597, 8779, 6512, 
1748, 6983, 410, 8481, 6071, 7986, 8636, 4402, 7891, 3493, 1791, 3915, 2122, 2628, 7733, 
7125, 5561, 6264, 1545, 8815, 301, 6856, 4628, 202, 7957, 745, 6011, 1312, 2196, 2831, 
8947, 5874, 9707, 1376, 7597, 5896, 2527, 5943, 836, 5646, 3900, 4250, 556, 1837, 6416, 
9360, 959, 1849, 2184, 3065, 6918, 4526, 9635, 3668, 2281, 9683, 8759, 8102, 4037, 6313, 
399, 2093, 8418, 2269, 9141, 883, 5547, 5826, 4892, 3448, 2841, 1687, 785, 4287, 9933, 
6636, 2185, 8122, 1660, 6369, 220, 5262, 2359, 9158, 2884, 3656, 3440, 938, 5083, 701, 
2515, 9794, 7327, 6218, 2015, 8993, 1457, 6082, 9949, 1816, 2347, 6115, 5290, 6065, 2765, 
6039, 5182, 2703, 7867, 8843, 8890, 944, 5885, 1480, 5649, 7341, 6920, 842, 391, 4266, 
1151, 7082, 9051, 3515, 6657, 6718, 1517, 5586, 8153, 4151, 561, 2229, 3543, 4171, 6995, 
3025, 1620, 917, 3993, 4057, 2677, 4519, 5881, 7773, 2186, 1692, 5115, 4861, 5524, 3458, 
848, 1979, 4199, 5681, 5508, 1279, 2155, 4925, 798, 6655, 6793, 4444, 2709, 8966, 1390, 
4657, 3295, 4329, 5863, 4067, 8905, 6985, 6593, 5018, 8108, 8567, 6913, 7645, 8887, 5602, 
1169, 7326, 1410, 2670, 4942, 6963, 9135, 1556, 8444, 1210, 5996, 5219, 593, 1900, 2100, 
9817, 4998, 1146, 1424, 1455, 3131, 7590, 6088, 7717, 1023, 8087, 3709, 8190, 590, 1084, 
6377, 155, 6122, 516, 3554, 5683, 5395, 9454, 8119, 7060, 9055, 5605, 1256, 5768, 5558, 
2648, 1583, 5950, 1386, 8252, 3807, 2305, 2823, 2514, 1473, 7459, 3944, 6236, 4663, 1247, 
8465, 1075, 5196, 317, 738, 4964, 5855, 8018, 6882, 1270, 4135, 8466, 5613, 7168, 4123, 
9822, 7710, 1187, 7346, 5307, 6769, 731, 4966, 4368, 2943, 9159, 7469, 4294, 835, 6161, 
9992, 2701, 5255, 7527, 4177, 466, 601, 3567, 435, 4485, 5674, 7931, 560, 8803, 2168, 
2172, 6229, 4561, 1191, 1879, 440, 2309, 327, 2524, 4489, 5245, 8992, 4467, 6912, 6616, 
7322, 2539, 1647, 7278, 1167, 1488, 6455, 3755, 4941, 275, 2304, 9266, 7337, 3463, 3614, 
8714, 307, 4364, 8523, 9533, 8471, 408, 5634, 551, 6915, 8690, 3505, 4483, 8259, 3924, 
3767, 8256, 5177, 7691, 205, 9874, 2807, 2358, 2925, 1957, 2693, 1338, 6700, 929, 2731};